5
1000
1995
3005
995
2995
2005
990
1990
3000
1000
1985
2990
1005
1995
2995
5
995
2000
3010
3005
995
2005
995
1990
2985
1005
2000
3005
995
1995
2990
5
3005
995
2000
990
1985
2990
995
2985
1995
3005
995
2005
1000
1990
2995
5
1005
2005
2995
3000
1005
1985
1005
2985
2005
995
1990
3005
1000
2990
2000
5
990
2005
2995
1000
2000
3000
995
2005
3005
1005
2000
3010
990
2005
1995
5
1000
3010
2985
1005
1995
3000
1000
2010
3000
990
2005
2990
3000
1000
5
2990
1000
1995
1995
1005
2000
2994
1005
2010
2995
1005
2000
3010
1000
2005
2990
5
990
2985
2005
1000
2005
2985
995
2005
2990
995
2005
2990
1005
2000
3005
5
995
2995
1990
1005
995
2005
2990
2000
2995
995
2005
2985
990
1990
2985
5
990
2000
3010
995
1990
2995
1005
2000
3005
1000
1990
2995
2000
995
2990
5
995
3005
1990
3005
1000
2000
1000
1990
2995
2990
990
2010
1000
2005
3000
5
1005
2980
2005
1000
1985
2005
1000
2985
2995
990
1995
3005
2995
995
5
1995
1005
3000
1990
995
2010
2990
995
2005
2990
995
2000
2985
1005
2990
1995
5
3010
1005
1990
1000
2005
2990
995
2000
2995
1000
2005
2990
3000
1005
1990
5
995
3010
2005
995
2000
3000
2985
995
1990
2995
995
2000
995
2005
3010
5
2995
1000
1990
995
1990
3000
1000
2000
2985
990
1990
2990
1000
3005
1990
5
1005
1995
2990
1000
1990
3000
1000
2000
2985
995
1990
3000
1005
3005
2005
5
995
1995
3005
1000
995
2990
2985
2005
1990
1000
2990
2000
1005
2000
3000
